positive/1.jpg 3 242 547 130 122 469 528 114 135 1203 132 101 103
positive/20220915200653_1.jpg 3 943 359 74 70 1369 184 52 55 1382 276 42 41
positive/20220915200700_1.jpg 2 683 330 65 67 725 444 46 47
positive/20220915200704_1.jpg 2 529 413 19 18 858 363 69 59
positive/20220915200707_1.jpg 3 778 404 47 44 937 451 22 18 982 284 68 56
positive/20220915200711_1.jpg 4 791 451 18 15 810 408 24 22 896 446 24 28 1255 473 19 17
positive/20220915200717_1.jpg 3 559 528 20 22 754 466 27 28 848 523 30 30
positive/20220915200720_1.jpg 3 944 466 38 39 952 394 38 47 1001 476 23 27
positive/20220915200726_1.jpg 2 924 383 35 41 1646 334 25 30
positive/20220915200729_1.jpg 0
positive/20220915200734_1.jpg 4 897 468 27 27 937 308 19 18 880 274 18 21 676 305 21 19
positive/20220915200740_1.jpg 2 852 560 53 55 244 287 36 36
positive/20220915200743_1.jpg 2 964 336 63 61 872 59 22 23
positive/20220915200748_1.jpg 3 636 587 140 164 935 251 25 31 1412 4 51 51
positive/20220916134653_1.jpg 5 269 347 68 69 632 368 53 45 739 383 42 50 1010 412 24 31 1218 436 20 21
positive/20220916134702_1.jpg 1 935 403 42 50
positive/20220916134706_1.jpg 4 917 445 27 29 962 444 23 26 1004 444 29 30 1345 423 76 77
positive/20220916134713_1.jpg 2 962 414 59 65 200 440 42 46
positive/20220916134718_1.jpg 3 560 401 94 104 945 423 54 68 1377 396 106 93
positive/20220916134724_1.jpg 3 713 381 68 74 994 341 93 85 1464 345 119 124
positive/20220916134733_1.jpg 2 1639 576 19 19 1646 588 24 29
positive/20220916134739_1.jpg 3 920 521 13 15 960 519 14 18 986 524 14 13
positive/20220916134742_1.jpg 2 808 522 13 14 823 520 13 13
positive/20220916134746_1.jpg 5 958 469 12 12 890 470 11 16 908 473 10 12 922 472 10 13 924 470 11 11
positive/20220916134817_1.jpg 4 657 396 20 17 746 437 13 18 760 453 9 12 769 458 13 15
positive/20220916135047_1.jpg 1 922 439 43 43
positive/20220916135052_1.jpg 1 867 461 32 31
positive/20220916135057_1.jpg 1 935 354 52 49
positive/20220916135135_1.jpg 2 729 338 39 44 1643 475 16 20
positive/20220916135141_1.jpg 2 976 422 43 45 1069 438 65 73
positive/20220916135149_1.jpg 1 901 406 41 45
positive/20220916135152_1.jpg 1 882 424 46 37
positive/20220916135159_1.jpg 1 853 464 28 26
positive/20220920112015_1.jpg 1 878 413 85 82
positive/20220920112029_1.jpg 1 888 497 72 87
positive/20220920112035_1.jpg 1 820 616 53 60
positive/20220920112041_1.jpg 2 763 607 89 94 977 538 84 85
positive/20220920112047_1.jpg 2 758 525 62 69 920 565 70 67
positive/20220920112052_1.jpg 6 928 375 70 75 1057 379 110 79 755 519 16 16 782 523 12 18 820 530 14 13 882 522 14 12
positive/20220920112058_1.jpg 4 333 517 58 51 633 517 45 47 1116 492 71 70 1246 509 37 42
positive/20220920112102_1.jpg 4 718 525 35 37 933 533 25 30 964 538 28 31 1452 557 91 89
positive/20220920112107_1.jpg 4 378 501 65 52 906 484 37 32 1276 497 59 50 1515 496 57 52
positive/20220920112124_1.jpg 6 1008 438 122 148 617 467 118 124 507 499 64 69 402 523 21 26 431 510 21 20 500 471 14 13
positive/20220920112128_1.jpg 3 316 464 171 149 671 489 104 108 1206 504 85 83
positive/20220920112133_1.jpg 3 317 625 74 71 673 564 61 61 1380 396 47 41
positive/20220920112138_1.jpg 6 476 464 117 110 1102 528 52 52 1173 528 35 42 1132 407 14 15 1149 420 14 19 1155 413 13 18
positive/20220920112142_1.jpg 6 924 487 125 153 580 634 42 41 554 627 34 37 304 555 17 16 283 545 19 20 250 544 20 17
positive/20220920112200_1.jpg 3 1072 446 52 53 1021 458 30 26 904 459 16 20
positive/20220920112205_1.jpg 2 1040 460 91 90 679 496 32 40
positive/20220920112223_1.jpg 1 944 434 86 90
positive/20220920112231_1.jpg 2 484 420 61 54 1248 418 87 71
positive/20220920112241_1.jpg 3 406 467 36 28 1081 442 43 40 530 417 76 62
positive/20220920112248_1.jpg 1 688 466 69 86
positive/20220920112257_1.jpg 2 571 403 106 109 73 579 13 19
positive/20220920112301_1.jpg 1 891 488 25 29
positive/20220920112305_1.jpg 2 777 445 35 36 948 438 43 47
positive/20220920112309_1.jpg 3 695 441 42 51 983 397 54 63 682 361 10 9
positive/20220920112311_1.jpg 3 662 510 47 53 912 443 40 45 48 527 23 23
positive/20220920112314_1.jpg 0
positive/20220920112320_1.jpg 2 904 429 88 98 1328 392 11 14
positive/20220920112325_1.jpg 4 701 429 49 45 1079 254 104 105 370 450 20 21 401 441 18 15
positive/20220920112329_1.jpg 3 383 484 50 40 702 402 57 48 1125 384 92 86
positive/20220920112332_1.jpg 1 1010 343 92 86
positive/20220920112415_1.jpg 3 626 465 55 53 946 441 28 33 972 435 34 36
positive/20220920112423_1.jpg 2 471 478 121 117 749 491 55 56
positive/20220920112430_1.jpg 1 925 430 71 71
positive/20220920112441_1.jpg 1 869 458 64 65
positive/20220920112450_1.jpg 4 292 439 126 101 724 470 51 50 890 479 36 36 968 487 23 22
positive/20220920112458_1.jpg 4 655 471 16 21 673 472 22 20 715 470 28 21 1214 426 126 88
positive/20220920112502_1.jpg 1 969 448 71 69
positive/20220920112508_1.jpg 2 1011 348 97 105 1389 491 42 42
positive/20220920112516_1.jpg 2 699 450 50 55 967 421 96 103
positive/20220920112527_1.jpg 1 919 344 114 111
positive/20220920112538_1.jpg 3 957 507 35 36 1026 502 27 31 1028 413 26 27
